No,Title,Link,Tags,Acceptance,Difficulty,Frequency
253,Meeting Rooms II,https://leetcode.com/problems/meeting-rooms-ii/description/,[Array][Two Pointers][Greedy][Sorting][Heap (Priority Queue)][Prefix Sum],51.1%,Medium,0.0553391529070942
