No,Title,Acceptance,Difficulty,Frequency,String,Dynamic Programming,Binary Search,Bit Manipulation,Tree,Binary Tree,Array
222,Count Complete Tree Nodes,64.5%,Easy,0.0431777082127141,0,0,1.0,1.0,1.0,1.0,
540,Single Element in a Sorted Array,59.0%,Medium,0.042807817326307,0,0,1.0,,,,1.0
5,Longest Palindromic Substring,33.7%,Medium,0.0214039086631535,1,1,,,,,
